x[0] = -1116.826737, x[1] = 4830.251592, x[2] = 3998.988574, x[3] = 0.010012
f(x) : 0.000000
f(x) : 0.000000
f(x) : 0.000000
f(x) : 0.000000
