x[0] = 2164.799097, x[1] = -4405.321817, x[2] = 4052.891539, x[3] = 0.010008
f(x) : 0.000000
f(x) : -0.000000
f(x) : 0.000000
f(x) : 0.000000
