x[0] = 3037.956354, x[1] = -4032.992722, x[2] = 3880.049237, x[3] = 0.010000
f(x) : -0.000000
f(x) : 0.000000
f(x) : -0.000000
f(x) : -0.000000
