x = 20.789604, y = -0.097327
f(x) : -0.000000
f(x) : 0.000000
