----초기값 1----
x[0] =  0.900000, x[1] = -1.000000, x[2] =  0.500000
f(x) : 0.000000
f(x) : 0.000000
f(x) : -0.000000
----초기값 2----
x[0] = 0.500000, x[1] = 1.000000, x[2] = -0.500000
f(x) : 0.000000
f(x) : 0.000000
f(x) : -0.000000
