x = 0.442108, y = -0.944211, z = 1.027895, w = -0.972105
f(x) : 0.000000
f(x) : 0.000000
f(x) : -0.000000
f(x) : 0.000000
