----초기값 1----
x[0] = -4.715734, x[1] =  3.846289, x[2] =  1.627916
f(x) :   0.153792
f(x) :   0.196177
f(x) :   0.627922
----초기값 2----
x[0] = -1.597361, x[1] = 3.821087, x[2] = -1.623549
f(x) :   0.219891
f(x) :   0.185176
f(x) :  -0.623902
