----초기값 1----
x[0] =  0.000000, x[1] =  1.000000, x[2] =  2.000000
f(x) :   0.000000
f(x) :   0.000000
f(x) :  -0.000000
----초기값 2----
x[0] = 1.224394, x[1] = -0.093133, x[2] = 1.868739
f(x) :   0.000000
f(x) :  -0.000000
f(x) :  -0.000000
