x[0] =  0.500000, x[1] =  0.000000, x[2] = -0.523599
f(x) :   0.000000
f(x) :  -0.000000
f(x) :   0.000000
